0 0.8587960004806519 0.3113800063729286 0.15904998779296875 0.13351301848888397
0 0.5257620215415955 0.31048398464918137 0.16203701496124268 0.13351298868656158
0 0.19160699844360352 0.3109320104122162 0.15382301807403564 0.13261598348617554
0 0.8095129728317261 0.4892469793558121 0.15755701065063477 0.1290319859981537
0 0.47573205828666687 0.49148698151111603 0.1515830159187317 0.12992796301841736
0 0.14306998252868652 0.4896949976682663 0.15681004524230957 0.13171997666358948
0 0.8595429956912994 0.7092289924621582 0.15905004739761353 0.13172006607055664
0 0.5242680013179779 0.7105730175971985 0.1560630202293396 0.13082396984100342
0 0.8091399967670441 0.8884410262107849 0.15830296277999878 0.1335129737854004
0 0.47722500562667847 0.8915770053863525 0.15904998779296875 0.12903201580047607
