0 0.11936031483744654 0.3890106946443926 0.1759539120619071 0.16462714593428673
0 0.4472051172070419 0.31873138936991896 0.17889551857613456 0.165249539011345
0 0.7763483923682211 0.24954211873691542 0.17067653734261568 0.1626545528366649
0 0.19363316365053074 0.5539059837709823 0.17383516598388618 0.15990308397876685
0 0.5226673800345182 0.48655940966044225 0.16808156162395216 0.15954059647893215
0 0.8500162444253998 0.41547525730267676 0.17348852656312386 0.16239458856032524
0 0.17619612768006335 0.7809711179015779 0.1756944596285021 0.16286143249193608
0 0.5065720347949282 0.7124308533502799 0.17262319224539113 0.16135653065608202
0 0.25176659069073576 0.9323609661200332 0.17521823690593105 0.13527806775993378
0 0.5790928522016678 0.8808822672826209 0.17530547309871525 0.16021421819293824
